3.039245134628226879e+02
2.666720598497571773e+05
5.330401951860515401e+05
7.994083305223459611e+05
1.065776465858640382e+06
1.332144601194934687e+06
1.598512736531229224e+06
1.864880871867523529e+06
2.131249007203817833e+06
2.397617142540112138e+06
2.663985277876406442e+06
2.930353413212700747e+06
3.196721548548995517e+06
3.463089683885289822e+06
3.729457819221584126e+06
3.995825954557878431e+06
4.262194089894172736e+06
4.528562225230467506e+06
4.794930360566761345e+06
5.061298495903056115e+06
5.327666631239349954e+06
5.594034766575644724e+06
5.860402901911938563e+06
6.126771037248233333e+06
6.393139172584528103e+06
6.659507307920821942e+06
6.925875443257116713e+06
7.192243578593410552e+06
7.458611713929705322e+06
7.724979849265999161e+06
7.991347984602293931e+06
8.257716119938587770e+06
8.524084255274882540e+06
8.790452390611177310e+06
9.056820525947472081e+06
9.323188661283764988e+06
9.589556796620059758e+06
9.855924931956354529e+06
1.012229306729264930e+07
1.038866120262894221e+07
1.065502933796523698e+07
1.092139747330153175e+07
1.118776560863782652e+07
1.145413374397412129e+07
1.172050187931041420e+07
1.198687001464670897e+07
1.225323814998300374e+07
1.251960628531929851e+07
1.278597442065559328e+07
1.305234255599188618e+07
1.331871069132818095e+07
1.358507882666447572e+07
1.385144696200077049e+07
1.411781509733706340e+07
1.438418323267335817e+07
1.465055136800965294e+07
1.491691950334594771e+07
1.518328763868224248e+07
1.544965577401853539e+07
1.571602390935483016e+07
1.598239204469112493e+07
1.624876018002741970e+07
1.651512831536371261e+07
1.678149645070000738e+07
1.704786458603630215e+07
1.731423272137259692e+07
1.758060085670889169e+07
1.784696899204518646e+07
1.811333712738148123e+07
1.837970526271777228e+07
1.864607339805406705e+07
1.891244153339036182e+07
1.917880966872665659e+07
1.944517780406295136e+07
1.971154593939924613e+07
1.997791407473554090e+07
2.024428221007183567e+07
2.051065034540813044e+07
2.077701848074442148e+07
2.104338661608071625e+07
2.130975475141701102e+07
2.157612288675330579e+07
2.184249102208960056e+07
2.210885915742589533e+07
2.237522729276219010e+07
2.264159542809848487e+07
2.290796356343477964e+07
2.317433169877107069e+07
2.344069983410736546e+07
2.370706796944366023e+07
2.397343610477995500e+07
2.423980424011624977e+07
2.450617237545254454e+07
2.477254051078883931e+07
2.503890864612513408e+07
2.530527678146142885e+07
2.557164491679772362e+07
2.583801305213401467e+07
2.610438118747030944e+07
2.637074932280660421e+07
